offsets {
    time_stamp: 0
    values: -0.29685524
    values: 0.21397537
    values: -0.06951566
    values: -0.09573255
    values: -0.00688021
    values: 0.04744656
    values: 0.02448202
}
